42333644
37715279
35217236
35149444
33347618
31845767
30847561
29183107
28951677
28118681
26060208
25482371
25406011
24387273
22956412
22926838
22592687
22419702
21982727
21917254
21193187
20925997
20435692
20091537
19821299
19692630
19552904
19552097
19522426
19370625
18681789
18505764
18487613
18378757
17548076
17287476
17007847
16827766
16817087
16769748
42221129
41901143
42602369
41761211
41757236
42122936
42002670
41837127
41652526
41069706
41877001
40995278
40927731
41341431
40607225
41269915
41737049
40430499
39861414
39713268
40869238
42217115
40989082
40743996
41018334
39702393
42037530
39876903
40806019
41915388
42371137
41680702
40299715
40317096
39214948
40611279
39806679
38996123
37753037
38163998
30806102
12070543
11994052
11473953
39796491
34735019
36165742
32048270
31425630
32851663
29125183
30648738
29797697
23076922
24362411
27976369
20451181
28752910
28865539
15840746
15472166
11172832
42652226
42307450
40527787
39655237
37593349
37002532
38627233
40227526
37462232
36225721
42499487
34660086
36588716
34433602
32060683
32481448
31264709
33765343
34085287
34115034
30570133
32744629
11832527
NCT07323589
NCT01911468
NCT05463627
PERCING · NCT00378729
NCT02446834
NCT02491333
NCT02866786
NCT00969631
NCT07058675
NCT04029272
NCT03792984
NCT05646199
NCT06256289
NCT00471523
NCT03353948
NCT00953355
LITOP · NCT06742710
NCT07182526
NCT02280057
NCT03989778
NCT06775093
NCT01675310
NCT01622257
NCT00694759
OCP · NCT02744131
NCT02683226
NCT03566225
VMPCO · NCT02026869
NCT07770711
