36592188
33190147
30415637
30415628
30146932
38327998
37916414
34612056
32114706
30521670
30019766
39866113
31242320
38264914
36695182
23839902
23656645
23351824
23113492
23113491
22686415
21145429
20952767
20929341
20819430
20146881
19172716
18757090
41425985
41247613
41845551
41892853
40219037
42010239
42241377
39059357
36502289
34716427
34922690
34922811
33268241
32632851
34562103
32029137
35503178
36453081
37082752
30159588
35920845
35500564
28289069
30144425
25850978
35963508
34468792
29516230
33501848
32840677
35084716
32745277
26676813
27749986
29527102
21617099
26246173
32209112
10465168
11451717
12571649
16772624
17398308
18489927
20389249
21060071
21115589
24638908
25305703
2571009
38184150
38199870
38873793
41201837
17659823
35905212
NCT04632407
NCT07627555
NCT04152291
NCT04499820
NCT05365438
NCT00290056
NCT01235130
NCT00402363
NCT01310270
NCT00116857
NCT06720662
NCT00791089
NCT00743197
NCT01630213
NCT00454493
NCT04051034
NCT07572721
NCT02642159
NCT00597220
NCT04208308
NCT00988585
NCT05961865
NCT02353416
NCT01841944
NCT01154478
NCT01048502
NCT02966899
NCT02285166
NCT00000461
NCT01618071
